# Original TSPLIB type: GEOGRAPHICAL, NODE COORDINATE
14
   9999    153    560    706    966    581    455     70    160    372    169    500    342    426
    153   9999    459    664    997    598    507    197    311    479    316    496    417    379
    560    459   9999    314    788    450    506    547    701    927    720    342    525    211
    706    664    314   9999    491    265    410    664    804   1070    831    239    499    286
    966    997    788    491   9999    400    514    902    990   1261   1021    513    635    667
    581    598    450    265    400   9999    168    522    634    910    665    120    284    281
    455    507    506    410    514    168   9999    389    482    757    513    185    124    299
     70    197    547    664    902    522    389   9999    154    406    175    448    273    393
    160    311    701    804    990    634    482    154   9999    276     32    578    358    542
    372    479    927   1070   1261    910    757    406    276   9999    246    850    633    796
    169    316    720    831   1021    665    513    175     32    246   9999    607    389    566
    500    496    342    239    513    120    185    448    578    850    607   9999    261    162
    342    417    525    499    635    284    124    273    358    633    389    261   9999    315
    426    379    211    286    667    281    299    393    542    796    566    162    315   9999
